20
20
4
0;1;0;0;
21;2;0;1;
2;3;1;2;
3;4;2;3;
4;5;3;4;
5;6;4;5;
6;7;5;6;
27;7;6;7;
8;9;8;8;
9;10;8;9;
30;11;9;10;
11;12;10;11;
12;13;11;12;
33;14;12;13;
14;15;13;14;
15;16;14;15;
16;17;15;16;
17;18;16;17;
18;19;17;18;
39;19;18;19;
40;21;20;20;
21;21;20;1;
42;23;22;22;
43;23;22;23;
44;25;24;24;
25;26;24;25;
46;26;25;26;
27;28;27;7;
28;29;27;28;
49;29;28;29;
30;31;30;10;
31;32;30;31;
32;32;31;32;
33;34;33;13;
54;34;33;34;
55;36;35;35;
56;37;35;36;
37;38;36;37;
38;38;37;38;
59;39;39;19;
40;41;40;20;
61;41;40;41;
42;42;42;22;
43;44;43;23;
64;44;43;24;
65;45;45;45;
46;47;46;26;
67;48;46;47;
48;48;47;48;
69;50;49;29;
50;51;49;50;
51;52;50;51;
52;53;51;52;
53;54;52;53;
54;54;53;34;
55;55;55;35;
76;57;56;36;
57;58;56;57;
58;59;57;58;
59;59;58;39;
80;61;60;60;
61;61;60;41;
82;63;62;62;
83;63;62;63;
64;65;64;44;
65;66;64;45;
66;66;65;66;
67;68;67;47;
68;69;67;68;
69;69;68;49;
90;71;70;70;
71;72;70;71;
72;73;71;72;
73;74;72;73;
74;75;73;74;
95;75;74;75;
96;76;76;56;
97;78;77;77;
78;79;77;78;
99;79;78;79;
100;81;80;60;
81;82;80;81;
82;82;81;62;
103;83;83;63;
104;85;84;84;
85;86;84;85;
86;87;85;86;
87;88;86;87;
88;89;87;88;
109;89;88;89;
110;90;90;70;
111;92;91;91;
92;93;91;92;
93;94;92;93;
94;94;93;94;
115;95;95;75;
96;97;96;76;
97;97;96;77;
98;99;98;98;
99;99;98;79;
100;101;100;80;
121;101;100;101;
122;102;102;102;
103;104;103;83;
104;105;103;84;
105;105;104;105;
126;107;106;106;
127;107;106;107;
128;109;108;108;
129;109;108;89;
130;110;110;90;
131;111;111;91;
132;113;112;112;
113;114;112;113;
134;114;113;114;
115;116;115;95;
136;116;115;116;
137;118;117;117;
118;119;117;118;
139;119;118;119;
140;120;120;120;
141;121;121;101;
122;123;122;102;
143;123;122;123;
144;125;124;124;
125;126;124;125;
126;126;125;106;
127;128;127;107;
148;128;127;108;
129;129;129;109;
130;131;130;110;
151;131;130;111;
132;133;132;112;
153;133;132;133;
134;135;134;114;
155;135;134;135;
156;136;136;116;
137;138;137;117;
158;138;137;138;
159;139;139;119;
160;140;140;120;
141;142;141;121;
142;143;141;142;
163;143;142;123;
164;144;144;124;
145;146;145;145;
146;147;145;146;
167;148;146;147;
148;148;147;128;
169;150;149;149;
150;151;149;150;
151;151;150;131;
172;153;152;152;
153;153;152;133;
174;154;154;154;
175;155;155;135;
176;156;156;136;
177;158;157;157;
158;158;157;138;
179;159;159;139;
180;161;160;140;
161;162;160;161;
182;162;161;162;
183;163;163;143;
164;165;164;144;
165;166;164;165;
186;166;165;166;
167;167;167;147;
188;169;168;168;
169;169;168;149;
190;171;170;170;
191;171;170;171;
192;172;172;152;
193;174;173;173;
194;174;173;154;
195;175;175;155;
196;177;176;156;
177;178;176;157;
178;178;177;178;
199;179;179;159;
200;180;180;160;
201;181;181;181;
182;183;182;162;
183;183;182;163;
204;185;184;184;
205;185;184;185;
186;187;186;166;
187;188;186;187;
188;189;187;168;
189;189;188;189;
210;190;190;170;
191;192;191;171;
192;192;191;172;
213;193;193;173;
194;195;194;174;
195;195;194;175;
196;197;196;176;
217;197;196;197;
218;199;198;198;
219;199;198;179;
220;200;200;180;
201;202;201;181;
202;203;201;202;
203;204;202;203;
204;204;203;184;
205;206;205;185;
206;207;205;206;
207;208;206;207;
228;208;207;208;
229;210;209;209;
210;210;209;190;
211;212;211;211;
232;213;211;212;
213;213;212;193;
214;215;214;214;
235;215;214;215;
236;217;216;216;
217;217;216;197;
238;218;218;198;
239;219;219;199;
220;221;220;200;
221;222;220;221;
242;222;221;222;
243;224;223;223;
244;224;223;224;
245;226;225;225;
226;227;225;226;
247;228;226;227;
228;228;227;208;
229;230;229;209;
230;231;229;230;
251;231;230;231;
252;232;232;212;
253;234;233;233;
254;234;233;234;
235;236;235;215;
236;237;235;216;
237;237;236;237;
258;238;238;218;
239;239;239;219;
260;241;240;240;
261;241;240;241;
242;243;242;222;
243;243;242;223;
264;244;244;224;
265;245;245;225;
246;247;246;246;
247;247;246;227;
268;249;248;248;
269;249;248;249;
270;251;250;250;
271;251;250;231;
252;253;252;232;
253;253;252;233;
254;255;254;234;
255;256;254;255;
256;257;255;256;
277;257;256;257;
258;259;258;238;
279;259;258;259;
260;260;260;240;
281;261;261;241;
282;263;262;262;
263;264;262;263;
264;264;263;244;
265;266;265;245;
266;267;265;266;
267;268;266;267;
268;268;267;248;
289;269;269;249;
290;270;270;250;
271;271;271;251;
292;273;272;272;
293;273;272;273;
274;275;274;274;
275;276;274;275;
296;277;275;276;
277;278;276;257;
278;279;277;278;
279;279;278;259;
300;281;280;280;
301;281;280;261;
282;283;282;262;
303;283;282;283;
304;285;284;284;
305;286;284;285;
286;287;285;286;
287;288;286;287;
288;289;287;288;
309;289;288;269;
290;291;290;270;
291;292;290;291;
292;292;291;272;
293;294;293;273;
294;295;293;294;
315;295;294;295;
296;296;296;276;
317;298;297;297;
298;299;297;298;
319;299;298;299;
320;300;300;280;
301;302;301;281;
302;302;301;302;
323;303;303;283;
304;304;304;284;
325;305;305;285;
326;307;306;306;
307;308;306;307;
308;309;307;308;
309;310;308;289;
310;311;309;310;
311;312;310;311;
312;313;311;312;
313;314;312;313;
334;314;313;314;
315;316;315;295;
336;316;315;316;
337;317;317;297;
338;318;318;318;
339;319;319;299;
340;321;320;300;
321;322;320;321;
342;322;321;322;
343;323;323;303;
344;325;324;324;
325;325;324;305;
326;327;326;306;
327;327;326;327;
348;329;328;328;
329;330;328;329;
350;330;329;330;
351;332;331;331;
332;333;331;332;
353;333;332;333;
334;334;334;314;
355;336;335;335;
356;336;335;316;
337;338;337;317;
358;338;337;318;
339;339;339;319;
360;340;340;320;
361;341;341;341;
362;342;342;322;
343;344;343;323;
364;344;343;324;
365;346;345;345;
346;347;345;346;
347;348;346;347;
348;348;347;328;
369;350;349;349;
350;351;349;330;
351;351;350;331;
352;353;352;352;
353;354;352;333;
374;355;353;354;
355;355;354;335;
356;356;356;336;
377;358;357;357;
358;358;357;338;
379;359;359;359;
360;361;360;340;
381;361;360;341;
382;363;362;342;
363;363;362;363;
384;364;364;344;
385;365;365;345;
386;367;366;366;
387;367;366;367;
368;369;368;368;
369;370;368;349;
370;370;369;370;
391;372;371;371;
372;373;371;372;
393;373;372;373;
374;374;374;354;
395;376;375;375;
396;376;375;376;
397;377;377;357;
378;379;378;378;
399;379;378;359;
380;381;380;380;
381;381;380;361;
382;383;382;362;
383;384;382;383;
384;384;383;364;
385;386;385;365;
386;386;385;366;
387;388;387;367;
388;389;387;388;
389;390;388;389;
390;391;389;390;
391;392;390;371;
392;392;391;392;
393;394;393;373;
394;395;393;394;
395;395;394;375;
396;397;396;376;
397;398;396;377;
398;399;397;398;
399;399;398;379;
-10;-1;-10;-10;
-1;-1;-1;-10;
-10;-1;-1;-10;
-10;-1;-1;-10;
-10;-1;-1;-10;
-10;-1;-1;-10;
-10;-1;-1;-10;
-1;-10;-1;-10;
-10;-1;-10;-10;
-10;-1;-1;-10;
-1;-1;-1;-10;
-10;-1;-1;-10;
-10;-1;-1;-10;
-1;-1;-1;-10;
-10;-1;-1;-10;
-10;-1;-1;-10;
-10;-1;-1;-10;
-10;-1;-1;-10;
-10;-1;-1;-10;
-1;-10;-1;-10;
-1;-1;-10;-10;
-10;-10;-1;-1;
-1;-1;-10;-10;
-1;-10;-1;-10;
-1;-1;-10;-10;
-10;-1;-1;-10;
-1;-10;-1;-10;
-10;-1;-10;-1;
-10;-1;-1;-10;
-1;-10;-1;-10;
-10;-1;-10;-1;
-10;-1;-1;-10;
-10;-10;-1;-10;
-10;-1;-10;-1;
-1;-10;-1;-10;
-1;-1;-10;-10;
-1;-1;-1;-10;
-10;-1;-1;-10;
-10;-10;-1;-10;
-1;-10;-10;-1;
-10;-1;-10;-1;
-1;-10;-1;-10;
-10;-10;-10;-1;
-10;-1;-10;-1;
-1;-10;-1;-1;
-1;-10;-10;-10;
-10;-1;-10;-1;
-1;-1;-1;-10;
-10;-10;-1;-10;
-1;-1;-10;-1;
-10;-1;-1;-10;
-10;-1;-1;-10;
-10;-1;-1;-10;
-10;-1;-1;-10;
-10;-10;-1;-1;
-10;-10;-10;-1;
-1;-1;-10;-1;
-10;-1;-1;-10;
-10;-1;-1;-10;
-10;-10;-1;-1;
-1;-1;-10;-10;
-10;-10;-1;-1;
-1;-1;-10;-10;
-1;-10;-1;-10;
-10;-1;-10;-1;
-10;-1;-1;-1;
-10;-10;-1;-10;
-10;-1;-10;-1;
-10;-1;-1;-10;
-10;-10;-1;-1;
-1;-1;-10;-10;
-10;-1;-1;-10;
-10;-1;-1;-10;
-10;-1;-1;-10;
-10;-1;-1;-10;
-1;-10;-1;-10;
-1;-10;-10;-1;
-1;-1;-10;-10;
-10;-1;-1;-10;
-1;-10;-1;-10;
-1;-1;-10;-1;
-10;-1;-1;-10;
-10;-10;-1;-1;
-1;-10;-10;-1;
-1;-1;-10;-10;
-10;-1;-1;-10;
-10;-1;-1;-10;
-10;-1;-1;-10;
-10;-1;-1;-10;
-1;-10;-1;-10;
-1;-10;-10;-1;
-1;-1;-10;-10;
-10;-1;-1;-10;
-10;-1;-1;-10;
-10;-10;-1;-10;
-1;-10;-10;-1;
-10;-1;-10;-1;
-10;-10;-1;-1;
-10;-1;-10;-10;
-10;-10;-1;-1;
-10;-1;-10;-1;
-1;-10;-1;-10;
-1;-10;-10;-10;
-10;-1;-10;-1;
-10;-1;-1;-1;
-10;-10;-1;-10;
-1;-1;-10;-10;
-1;-10;-1;-10;
-1;-1;-10;-10;
-1;-10;-1;-1;
-1;-10;-10;-1;
-1;-10;-10;-1;
-1;-1;-10;-10;
-10;-1;-1;-10;
-1;-10;-1;-10;
-10;-1;-10;-1;
-1;-10;-1;-10;
-1;-1;-10;-10;
-10;-1;-1;-10;
-1;-10;-1;-10;
-1;-10;-10;-10;
-1;-10;-10;-1;
-10;-1;-10;-1;
-1;-10;-1;-10;
-1;-1;-10;-10;
-10;-1;-1;-10;
-10;-10;-1;-1;
-10;-1;-10;-1;
-1;-10;-1;-1;
-10;-10;-10;-1;
-10;-1;-10;-1;
-1;-10;-1;-1;
-10;-1;-10;-1;
-1;-10;-1;-10;
-10;-1;-10;-1;
-1;-10;-1;-10;
-1;-10;-10;-1;
-10;-1;-10;-1;
-1;-10;-1;-10;
-1;-10;-10;-1;
-1;-10;-10;-1;
-10;-1;-10;-1;
-10;-1;-1;-10;
-1;-10;-1;-1;
-1;-10;-10;-1;
-10;-1;-10;-10;
-10;-1;-1;-10;
-1;-1;-1;-10;
-10;-10;-1;-1;
-1;-1;-10;-10;
-10;-1;-1;-10;
-10;-10;-1;-1;
-1;-1;-10;-10;
-10;-10;-1;-1;
-1;-10;-10;-10;
-1;-10;-10;-1;
-1;-10;-10;-1;
-1;-1;-10;-10;
-10;-10;-1;-1;
-1;-10;-10;-1;
-1;-1;-10;-1;
-10;-1;-1;-10;
-1;-10;-1;-10;
-1;-10;-10;-1;
-10;-1;-10;-1;
-10;-1;-1;-10;
-1;-10;-1;-10;
-10;-10;-10;-1;
-1;-1;-10;-10;
-10;-10;-1;-1;
-1;-1;-10;-10;
-1;-10;-1;-10;
-1;-10;-10;-1;
-1;-1;-10;-10;
-1;-10;-1;-1;
-1;-10;-10;-1;
-1;-1;-10;-1;
-10;-1;-1;-1;
-10;-10;-1;-10;
-1;-10;-10;-1;
-1;-10;-10;-1;
-1;-10;-10;-10;
-10;-1;-10;-1;
-10;-10;-1;-1;
-1;-1;-10;-10;
-1;-10;-1;-10;
-10;-1;-10;-1;
-10;-1;-1;-10;
-10;-1;-1;-1;
-10;-10;-1;-10;
-1;-10;-10;-1;
-10;-1;-10;-1;
-10;-10;-1;-1;
-1;-10;-10;-1;
-10;-1;-10;-1;
-10;-10;-1;-1;
-10;-1;-10;-1;
-1;-10;-1;-10;
-1;-1;-10;-10;
-1;-10;-1;-1;
-1;-10;-10;-1;
-10;-1;-10;-1;
-10;-1;-1;-10;
-10;-1;-1;-10;
-10;-10;-1;-1;
-10;-1;-10;-1;
-10;-1;-1;-10;
-10;-1;-1;-10;
-1;-10;-1;-10;
-1;-1;-10;-10;
-10;-10;-1;-1;
-10;-1;-10;-10;
-1;-1;-1;-10;
-10;-10;-1;-1;
-10;-1;-10;-10;
-1;-10;-1;-10;
-1;-1;-10;-10;
-10;-10;-1;-1;
-1;-10;-10;-1;
-1;-10;-10;-1;
-10;-1;-10;-1;
-10;-1;-1;-10;
-1;-10;-1;-10;
-1;-1;-10;-10;
-1;-10;-1;-10;
-1;-1;-10;-10;
-10;-1;-1;-10;
-1;-1;-1;-10;
-10;-10;-1;-1;
-10;-1;-10;-1;
-10;-1;-1;-10;
-1;-10;-1;-10;
-1;-10;-10;-1;
-1;-1;-10;-10;
-1;-10;-1;-10;
-10;-1;-10;-1;
-10;-1;-1;-1;
-10;-10;-1;-10;
-1;-10;-10;-1;
-10;-10;-10;-1;
-1;-1;-10;-10;
-1;-10;-1;-10;
-10;-1;-10;-1;
-10;-10;-1;-1;
-1;-10;-10;-1;
-1;-10;-10;-1;
-10;-1;-10;-10;
-10;-10;-1;-1;
-1;-1;-10;-10;
-1;-10;-1;-10;
-1;-1;-10;-10;
-1;-10;-1;-1;
-10;-1;-10;-1;
-10;-10;-1;-1;
-10;-1;-10;-1;
-10;-1;-1;-10;
-10;-1;-1;-10;
-1;-10;-1;-10;
-10;-1;-10;-1;
-1;-10;-1;-10;
-10;-10;-10;-1;
-1;-10;-10;-1;
-1;-1;-10;-10;
-10;-1;-1;-10;
-10;-10;-1;-1;
-10;-1;-10;-1;
-10;-1;-1;-10;
-10;-1;-1;-10;
-10;-10;-1;-1;
-1;-10;-10;-1;
-1;-10;-10;-1;
-10;-10;-10;-1;
-1;-1;-10;-10;
-1;-10;-1;-10;
-10;-1;-10;-10;
-10;-1;-1;-10;
-1;-1;-1;-10;
-10;-1;-1;-1;
-10;-1;-1;-10;
-10;-10;-1;-1;
-1;-1;-10;-10;
-1;-10;-1;-1;
-10;-1;-10;-1;
-1;-10;-1;-10;
-1;-1;-10;-10;
-1;-1;-1;-10;
-10;-1;-1;-10;
-10;-1;-1;-10;
-10;-1;-1;-10;
-1;-10;-1;-1;
-10;-1;-10;-1;
-10;-1;-1;-10;
-10;-10;-1;-1;
-10;-1;-10;-1;
-10;-1;-1;-10;
-1;-10;-1;-10;
-10;-10;-10;-1;
-1;-1;-10;-10;
-10;-1;-1;-10;
-1;-10;-1;-10;
-1;-10;-10;-1;
-10;-1;-10;-1;
-10;-10;-1;-10;
-1;-10;-10;-1;
-10;-10;-10;-1;
-1;-10;-10;-1;
-1;-1;-10;-10;
-10;-1;-1;-10;
-10;-1;-1;-10;
-10;-1;-1;-1;
-10;-1;-1;-10;
-10;-1;-1;-10;
-10;-1;-1;-10;
-10;-1;-1;-10;
-1;-10;-1;-10;
-10;-1;-10;-1;
-1;-10;-1;-10;
-1;-10;-10;-1;
-1;-10;-10;-10;
-1;-10;-10;-1;
-1;-1;-10;-1;
-10;-1;-1;-10;
-1;-10;-1;-10;
-1;-10;-10;-1;
-1;-1;-10;-10;
-10;-10;-1;-1;
-10;-1;-10;-1;
-10;-10;-1;-10;
-1;-1;-10;-10;
-10;-1;-1;-10;
-1;-10;-1;-10;
-1;-1;-10;-10;
-10;-1;-1;-10;
-1;-10;-1;-10;
-10;-10;-10;-1;
-1;-1;-10;-10;
-1;-10;-1;-1;
-10;-1;-10;-1;
-1;-10;-1;-1;
-10;-10;-10;-1;
-1;-10;-10;-1;
-1;-10;-10;-10;
-1;-10;-10;-1;
-10;-1;-10;-1;
-1;-10;-1;-1;
-1;-1;-10;-10;
-10;-1;-1;-10;
-10;-1;-1;-10;
-10;-10;-1;-1;
-1;-1;-10;-10;
-10;-1;-1;-1;
-10;-10;-1;-1;
-10;-1;-10;-10;
-10;-1;-1;-1;
-1;-1;-1;-10;
-10;-10;-1;-1;
-10;-10;-10;-1;
-1;-1;-10;-10;
-10;-10;-1;-1;
-1;-10;-10;-10;
-10;-1;-10;-1;
-1;-10;-1;-1;
-1;-1;-10;-1;
-10;-10;-1;-10;
-1;-10;-10;-1;
-1;-10;-10;-1;
-1;-1;-10;-10;
-1;-10;-1;-10;
-10;-1;-10;-10;
-10;-1;-1;-1;
-10;-10;-1;-10;
-1;-1;-10;-10;
-10;-1;-1;-10;
-1;-10;-1;-10;
-10;-10;-10;-1;
-1;-1;-10;-10;
-1;-10;-1;-10;
-1;-10;-10;-1;
-10;-1;-10;-10;
-1;-10;-1;-1;
-10;-1;-10;-10;
-10;-10;-1;-1;
-10;-1;-10;-1;
-10;-1;-1;-10;
-10;-10;-1;-1;
-10;-1;-10;-1;
-10;-10;-1;-1;
-10;-1;-10;-1;
-10;-1;-1;-10;
-10;-1;-1;-10;
-10;-1;-1;-10;
-10;-1;-1;-1;
-10;-10;-1;-10;
-10;-1;-10;-1;
-10;-1;-1;-10;
-10;-10;-1;-1;
-10;-1;-10;-1;
-10;-1;-1;-1;
-10;-1;-1;-10;
-10;-10;-1;-1;
